|0000|014|0|01062026|30062026|EMPRESA DEMONSTRACAO LTDA|12345678000199||SP|123456789|3550308||A|1|
|0001|0|
|0150|1|FORNECEDOR XYZ LTDA|1058|98765432000188||1234567890|3550308||RUA TESTE|100||CENTRO|
|0150|2|CLIENTE ABC COMERCIO LTDA|1058|11222333000144||9876543210|4106902||AV PRINCIPAL|500||CENTRO|
|0190|UN|UNIDADE|
|0200|001|PRODUTO TESTE 1|||UN|00|84713012|||18.00|
|0200|002|PRODUTO TESTE 2|||UN|00|39232990|||18.00|
|C100|0|0|1|55|00|1|000001|35260600000112345000109550010000000011000000011|01062026|01062026|1180.00|0|0.00|0.00|1000.00|0|50.00|20.00|10.00|1000.00|180.00|0.00|0.00|0.00|16.50|76.00|0.00|0.00|
|C170|1|001||10.0000|UN|1000.00|0.00|0|000|1102||1000.00|18.00|180.00|0.00|0.00|0.00|0||||0.00|0.00|01|1000.00|1.65|||16.50|01|1000.00|7.60|||76.00||0.00|
|C190|000|1102|18.00|1000.00|180.00|0.00|0.00|0.00|
|C100|1|0|2|55|00|1|000002|35260600000112345000109550010000000021000000012|05062026|05062026|500.00|0|0.00|0.00|500.00|0|0.00|0.00|0.00|0.00|0.00|0.00|0.00|0.00|0.00|0.00|0.00|0.00|
|C170|1|002||5.0000|UN|500.00|0.00|0|040|5405||0.00|0.00|0.00|0.00|0.00|0.00|0||||0.00|0.00|07|0.00|0.00|||0.00|07|0.00|0.00|||0.00||0.00|
|C190|040|5405|0.00|500.00|0.00|0.00|0.00|0.00|
|E100|01062026|30062026|
|E110|1000.00|0|0|0|180.00|0|0|0|0|0|0|
|9900|0000|1|
|9900|0150|2|
|9900|0200|2|
|9900|C100|2|
|9900|C170|2|
|9999|17|
